174430
224517
161936
342942
167791
291457
233078
187645
220308
115746
162886
182028
193738
12333
316554
169786
84876
173346
167355
28720
124361
177736
120677
266192
266507
205637
246900
237182
164928
183394
199792
312484
96848
175914
251247
285774
3076
192135
102794
170216
256960
31260
247763
324856
185343
276025
205059
221107
284083
184267
126163
2651
216132
521
295947
164153
35677
314040
161533
55690
209010
244521
125153
266810
230802
124742
72125
191189
25613
180263
28143
201808
159675
157354
182874
229853
200680
284378
121921
171623
341169
68448
110327
255984
62219
264220
236457
93
122515
18602
37111
317985
172386
40834
73439
170042
269385
12493
146021
203993
42
225694
155821
144733
253344
163412
281259
205896
102680
163068
233371
36218
218417
279537
178900
132531
198928
231733
175640
196340
172287
263918
175155
30549
266524
262712
2511
127023
4098
43015
274364
118048
233398
256916
161970
147020
146652
271324
34635
217372
103885
14996
308765
233867
254640
220877
77423
148949
244522
82222
283948
287954
9609
43111
104162
265188
54043
296151
463
10630
282524
188920
17133
328871
128882
249259
39463
150376
155426
70149
199561
189932
103343
25021
268864
31627
123260
221194
14105
209418
195421
104006
171131
283155
21050
126042
12
242302
188
245638
182631
148228
283355
91
215
306735
822
224037
223321
146886
9209
271055
54998
7854
239188
318977
129437
176189
188834
293014
109276
232832
156129
169426
118
158600
146508
555
194655
192291
9216
271896
300531
235802
199478
227224
241451
295486
304783
269207
176494
198994
31481
20551
19857
421
155068
228341
27833
27708
128621
329082
285967
223040
3
310873
140620
127060
204583
165722
232405
108745
144344
286096
300322
92828
155873
24181
760
176734
260605
97207
206718
224783
66589
22545
181279
2655
38453
154203
246784
19777
302723
187617
160477
314491
93260
59294
203420
46213
54138
48726
193037
13122
143693
222509
209685
227789
172081
139976
163967
54
230253
257499
140934
146439
234
136888
244271
129622
172818
2653
40692
5
45315
77130
156546
188866
59959
25292
176920
184921
181304
219513
21241
39856
101721
311193
172
297030
70919
41114
119890
163745
234277
37046
298047
50
199042
234487
192458
304420
285192
270633
8217
111341
182134
25554
17392
39683
250458
246192
63888
24480
1
90137
245934
245655
47
244711
33160
9217
215311
155987
128271
31594
144592
260428
70323
256226
265736
195539
40354
291572
21348
316377
186751
269210
204305
40765
170771
166669
71
236191
194594
319966
198773
154809
297562
15987
121
243
161614
54625
227935
36932
124708
229220
55670
215341
66188
63628
138161
251658
372
128671
151347
299659
100901
246684
34219
301880
92415
318084
150145
270844
262543
27162
96913
318184
79828
66362
274960
11170
176396
192153
197376
18833
202426
150
256680
15985
137408
277085
194607
25417
105134
150658
262211
298069
62222
256730
171
339789
5404
264241
293141
157969
156858
146791
17226
83330
233312
169427
226522
712
136063
128996
258210
158899
162082
177639
62227
478
98778
15062
20437
205398
290236
144189
43570
232414
193042
13
260180
240196
269144
95527
119506
206941
12942
65781
191862
245654
323612
97786
262215
180974
105551
17405
36553
144797
21790
171668
284742
123123
221965
127398
11
125618
156009
31999
142379
9674
133848
90419
256952
875
102652
147949
163968
58421
18
175095
133473
6249
31730
27173
232043
216600
42052
91312
34119
181530
97842
128780
252328
475
247367
183251
84419
192836
133038
151022
153938
22827
27746
196326
141572
15363
310100
343905
170561
284435
218603
159508
2346
28023
295374
220
332800
3685
503
245961
117959
172308
155703
4390
39351
303057
9625
42215
39938
248490
251661
160010
183562
205359
270673
265402
140603
6472
216734
212445
169255
42776
130960
113924
131357
206480
264055
329839
143519
30869
174785
193949
283393
269511
257501
135219
239942
322708
119432
1513
224710
37904
266121
198953
10547
24508
1353
209778
5782
73171
163166
121408
46
111799
58281
180511
296912
13004
21763
3201
170624
50750
432
290359
699
107529
171499
121288
150997
30380
70512
315767
258036
100423
88
113294
203416
190082
126792
291453
134726
271518
244115
20963
213893
160495
116998
163839
123540
65532
29603
173064
155624
153016
154825
233247
193558
87890
242639
2955
165401
146278
181521
162007
168584
276182
69789
231581
232219
266830
340466
2398
177478
135779
132018
3307
156336
72321
15364
552
7717
143741
270970
226320
9823
73761
242574
306040
256382
167400
241724
284760
71721
214880
22345
168435
183840
31563
55600
249381
143515
483
318182
173442
68425
255692
586
2163
20100
244228
244114
192457
179803
214887
258779
283864
281442
156943
201825
36235
47185
293296
300300
220520
162286
200147
21882
170416
43528
280480
230244
137988
280794
26997
169654
283863
204516
203417
218333
218074
160499
301255
158435
2453
79127
40628
198830
110277
336382
131287
338834
202670
171273
1035
251678
284189
300877
11825
91872
51
256570
156566
45
117915
180593
30957
204472
191051
38996
12002
41002
220517
181687
158889
252153
197443
256999
179275
244608
279613
41
177590
163602
217780
161417
194879
28181
12962
218121
24800
286751
528
145659
18098
292375
12891
103886
234671
273330
30645
244992
175117
148575
166384
137269
179172
15512
176165
94
12902
35570
218479
113997
16747
139898
119788
1465
122298
195137
8125
155362
91514
129948
224597
65244
227460
53953
228328
1041
275467
41066
214029
216459
177678
244331
37380
26990
154458
276498
318009
29368
82421
98229
26566
173
234477
356033
1345
156689
131260
132028
9440
329465
2181
240980
56692
299047
223953
2093
239464
285984
27976
160851
195560
13642
108906
254386
272738
238992
98351
202408
491
298383
66356
82420
148319
219215
256788
151004
240
172047
65901
245643
27588
59946
201921
904
336794
108784
8051
198740
147151
52461
191977
196526
106217
210296
326494
38054
296237
193214
203427
207830
235488
248065
266164
306881
264052
25669
197405
346703
212402
277700
125678
267319
199966
253499
316412
169124
298065
272739
154086
242804
148729
112
304051
207243
231218
270314
262941
19600
66505
554
95064
171669
195314
308119
182340
224
228504
233262
180680
239472
284818
200077
15817
174570
72287
227515
307002
158275
939
294612
230080
207691
178336
218509
66056
204027
157403
1382
131646
150999
69779
165838
75449
161882
161866
168917
244654
127518
185589
200954
156776
72225
141517
245487
104710
164949
253284
157809
8203
163154
242684
177524
307305
229892
217449
40793
23540
291508
104363
208024
317457
270971
328565
346965
299684
130176
191231
316546
136991
22825
160018
85897
823
279254
191300
1822
171233
6830
217861
25568
318560
45986
198454
1301
60
241266
89409
153065
35052
35497
97903
276894
284653
11971
281466
222514
328479
337765
223750
55427
146312
122522
134352
18100
194880
256589
21523
91536
172931
221
1608
681
159473
135382
16992
152162
290484
551
176371
142326
176544
230933
299960
145639
17329
238799
67492
183571
24068
245476
71671
229265
207336
234669
163642
181796
197070
37628
94246
175199
1634
164265
156091
261114
37836
216092
68264
5737
91080
833
183880
327
318553
95103
205597
194517
244049
104020
206051
182694
228855
141423
44163
27364
278
124
145371
221318
206931
233571
306481
300327
184151
195162
154246
257518
137649
121410
8045
251412
271869
143884
328866
34084
8989
187377
17396
140933
247236
151007
273477
128721
230085
137297
232918
276042
13823
226520
171879
173090
213266
105
129736
218421
173101
354
244536
287084
204836
527
309630
121297
82168
22141
123955
50768
42910
126100
91873
30381
147303
299169
174660
1115
35815
16395
281655
152470
293889
180899
300217
301767
102548
154386
331787
19100
43443
164338
254708
249277
252526
38159
25643
233961
104347
39953
223770
18258
12995
131014
202583
4099
165872
160610
855
226518
177802
157001
256606
134253
159504
192074
165986
223855
238638
25821
2507
42452
175324
230
1540
318983
113873
23094
157526
191876
10
269595
132372
253608
41916
119591
1261
66837
1159
228660
143405
219100
149155
85256
16986
57390
61692
60435
111124
191597
188547
291845
38823
295564
349067
270239
183006
302524
243759
272453
83195
282954
826
297978
205716
53093
314503
9220
212516
224821
12495
7805
159503
2842
281194
117985
9203
30618
233020
103
215841
2338
206803
134453
231484
257614
264982
184424
180040
305682
105037
232988
106
159109
15126
245422
21441
217085
150312
240855
1897
166226
10640
342848
172385
163413
394
302388
39684
277659
127024
216091
242722
299317
63268
179460
15
33604
204505
202077
215842
254591
72991
163474
300753
246761
244918
199
255674
288169
205418
253214
98527
167513
142992
271529
199383
338760
196202
257769
878
246663
116
113401
22038
1403
244191
297129
179572
272533
229491
175223
200057
5716
19999
9446
29934
167270
194690
42487
37919
254018
94362
138431
268201
151771
19237
225244
139030
3284
302098
2122
142852
271319
75165
281946
66
176229
1231
15818
624
298371
316858
227456
902
16496
181810
129051
272380
332386
55829
312267
191894
283294
166857
314088
252752
169794
492
271088
120523
254713
196
6411
295607
71836
327711
481
304285
109125
165950
22877
101785
241590
272682
216201
146910
205317
438
283317
195544
244995
219101
172220
24417
2397
20542
328908
131325
166571
268620
223740
1915
24827
3072
204
18745
594
131366
43022
284108
21550
255675
123570
94104
7480
148943
297985
194626
201
170604
144041
223931
310448
172381
22
300905
325022
3955
47055
336986
1568
125548
143175
271615
284936
13780
106662
181524
57925
296345
252929
291859
242
301257
3228
340041
246200
13884
423
267127
176083
168
156714
115
233678
193308
38862
171662
232595
122294
152
192860
131111
195043
300442
92319
102435
143986
116954
38343
40209
34194
2081
22484
58936
258444
2065
343562
249746
2987
230267
195856
1829
226501
103185
245354
38863
215840
287938
119
257527
26
34887
40270
264198
210232
218530
303553
148951
61487
39339
5206
329845
230889
300001
248158
33451
302425
915
312251
149776
41933
619
206915
193728
29223
30658
200853
34297
55697
3800
96007
929
123607
24773
63170
244916
31497
149951
225167
350933
285533
1544
12761
256997
187700
214396
183231
291962
17223
14254
157917
310192
1499
10093
222542
259298
26457
99975
90040
345584
168609
1198
178054
147253
38713
195571
268586
285265
299252
6351
276830
123499
701
230303
73369
270109
221769
240567
158900
267813
205046
8098
254
218804
163805
88827
299121
494
252446
254192
235014
165948
38545
332290
3565
217398
175307
21920
29937
275913
98
206940
111417
103092
138233
208895
3097
269603
361
43868
295785
139771
172996
157413
237
223215
107255
171011
8129
309110
142079
182189
338628
315610
143185
38718
2808
123239
986
297486
2251
146221
175293
54137
35435
138649
273703
13308
220792
284584
112138
145189
136280
24310
122842
12750
70
171726
180592
230305
180020
22348
91984
32125
4636
15511
205610
283619
235375
266966
198487
210274
104955
19622
2393
57660
180199
160902
260300
157096
338957
339958
37387
211716
21133
46396
169611
259081
67877
312318
4396
298638
280453
37907
5072
124172
38386
241831
302260
730
27627
71074
267271
8190
28089
238393
35503
1662
274841
41010
174078
146816
24742
325555
282414
269752
1887
155255
113636
280136
38992
241477
330038
37358
286537
180852
248861
272427
244513
266083
811
325494
264647
38765
6205
217083
157
235555
1107
144529
202977
206084
322622
42673
253618
21551
24703
3931
306882
146418
142961
269968
63759
261594
56931
223376
174837
248125
163370
238546
301716
218293
192945
66510
251551
1219
311715
12477
195528
245931
66588
1032
125752
85005
120
271601
33154
49
256320
230383
16267
168998
75358
128667
179303
269725
73
216632
36522
157026
335609
257732
232
36648
145588
220133
183284
31105
340
136955
207572
398
323156
28259
129459
6901
128442
23679
181345
118174
155695
155969
187653
903
526
231696
168681
65564
442
22192
238656
298229
253684
330608
143404
63543
288513
84
180771
34707
175549
252399
134157
187273
17710
85325
67239
37141
127997
118695
174973
193737
339906
242653
248005
169416
198525
301919
21954
282853
216428
181819
275044
113289
32412
240271
1117
184824
325698
285775
7858
305096
9910
144239
3353
19526
140
120217
249
39217
169318
215312
331050
205125
9441
196496
187680
98918
176558
36811
42124
204574
316786
222407
153507
232361
204184
172737
250881
41863
141736
32666
41749
111105
216597
198190
230791
54361
228372
294514
144826
259374
12589
300683
137330
350736
156496
214484
293678
34585
172933
592
472
81640
189660
177354
1234
193739
27225
424
40760
233208
109291
173156
91620
